CO geom_001
FE  density eigenvalues:
[-3.7759955008108545e-17, 4.818491648581712e-16, 0.0051950521266224126, 1.9999999999999898, 1.9999999999999936, 1.9999999999999984, 1.9999999999999998, 2.0000000000000013]
FE' Fock eigenvalues:
[-1.8888021732724924, -0.8717999366183014, -0.5920189411759053, -0.5920189411759039, -0.5067667164161864, 0.34040030431568347, 0.3404003043156843, 1.1152907848899078]
index    eig(P_L_valence)         eig(F_L_valence)
0        -3.7759955008108545e-17    -1.8888021732724924
1         4.8184916485817117e-16    -0.87179993661830135
2         0.0051950521266224126    -0.59201894117590526
3         1.9999999999999898    -0.59201894117590392
4         1.9999999999999936    -0.50676671641618642
5         1.9999999999999984     0.34040030431568347
6         1.9999999999999998     0.3404003043156843
7         2.0000000000000013     1.1152907848899078

CO geom_002
FE  density eigenvalues:
[-2.741597229261468e-16, 5.211511800111552e-17, 0.0052692990386140615, 1.9999999999999942, 1.9999999999999984, 1.9999999999999987, 2.0, 2.000000000000003]
FE' Fock eigenvalues:
[-1.8825294489447386, -0.8714349185335867, -0.5882542144123891, -0.5882542144123877, -0.5060468138077104, 0.33789116268348907, 0.3378911626834895, 1.1044225943726889]
index    eig(P_L_valence)         eig(F_L_valence)
0        -2.741597229261468e-16    -1.8825294489447386
1         5.2115118001115522e-17    -0.87143491853358668
2         0.0052692990386140615    -0.58825421441238912
3         1.9999999999999942    -0.58825421441238768
4         1.9999999999999984    -0.50604681380771044
5         1.9999999999999987     0.33789116268348907
6         2     0.33789116268348951
7         2.0000000000000031     1.1044225943726889

CO geom_003
FE  density eigenvalues:
[-3.025509174258873e-16, 8.050631250085601e-17, 0.005341192369880954, 1.999999999999992, 1.999999999999996, 1.9999999999999987, 1.999999999999999, 2.000000000000001]
FE' Fock eigenvalues:
[-1.8763192969571851, -0.8710901384058012, -0.5845155223367292, -0.5845155223367285, -0.5053177723774711, 0.3354045186747686, 0.33540451867476895, 1.0936346941308206]
index    eig(P_L_valence)         eig(F_L_valence)
0        -3.025509174258873e-16    -1.8763192969571851
1         8.0506312500856012e-17    -0.87109013840580118
2         0.0053411923698809538    -0.58451552233672921
3         1.999999999999992    -0.58451552233672854
4         1.999999999999996    -0.50531777237747111
5         1.9999999999999987     0.33540451867476861
6         1.9999999999999989     0.33540451867476895
7         2.0000000000000009     1.0936346941308206

CO geom_004
FE  density eigenvalues:
[-4.096888243267301e-17, 4.096888243267301e-17, 0.005410702749537588, 1.9999999999999927, 1.9999999999999962, 2.0, 2.0000000000000036, 2.0000000000000036]
FE' Fock eigenvalues:
[-1.8701713917665055, -0.8707653663394198, -0.5808027248038529, -0.5808027248038513, -0.504579244711492, 0.3329401819695405, 0.3329401819695417, 1.0829291945716892]
index    eig(P_L_valence)         eig(F_L_valence)
0        -4.0968882432673009e-17    -1.8701713917665055
1         4.0968882432673009e-17    -0.87076536633941981
2         0.0054107027495375881    -0.58080272480385287
3         1.9999999999999927    -0.58080272480385131
4         1.9999999999999962    -0.50457924471149196
5         2     0.33294018196954051
6         2.0000000000000036     0.33294018196954173
7         2.0000000000000036     1.0829291945716892

CO geom_005
FE  density eigenvalues:
[-6.782644242895087e-17, 2.8987104735398217e-16, 0.005477805094311616, 1.9999999999999951, 1.9999999999999984, 1.9999999999999987, 2.0000000000000036, 2.0000000000000058]
FE' Fock eigenvalues:
[-1.8640853959118429, -0.8704603701904339, -0.5771156849985107, -0.5771156849985088, -0.5038308972982524, 0.3304979637869647, 0.33049796378696594, 1.0723080437344172]
index    eig(P_L_valence)         eig(F_L_valence)
0        -6.782644242895087e-17    -1.8640853959118429
1         2.8987104735398217e-16    -0.87046037019043387
2         0.0054778050943116163    -0.57711568499851074
3         1.9999999999999951    -0.57711568499850885
4         1.9999999999999984    -0.50383089729825237
5         1.9999999999999987     0.33049796378696472
6         2.0000000000000036     0.33049796378696594
7         2.0000000000000058     1.0723080437344172

CO geom_006
FE  density eigenvalues:
[-2.926416439814838e-16, 7.059703905645252e-17, 0.005542478460770717, 1.999999999999996, 1.999999999999998, 2.0000000000000013, 2.000000000000002, 2.000000000000004]
FE' Fock eigenvalues:
[-1.8580609605985698, -0.8701749153985859, -0.5734542692268415, -0.573454269226841, -0.5030724107636817, 0.32807767696928314, 0.32807767696928536, 1.0617730337452966]
index    eig(P_L_valence)         eig(F_L_valence)
0        -2.926416439814838e-16    -1.8580609605985698
1         7.0597039056452525e-17    -0.87017491539858594
2         0.0055424784607707167    -0.57345426922684151
3         1.999999999999996    -0.57345426922684095
4         1.999999999999998    -0.5030724107636817
5         2.0000000000000013     0.32807767696928314
6         2.0000000000000022     0.32807767696928536
7         2.000000000000004     1.0617730337452966

CO geom_007
FE  density eigenvalues:
[-4.497768455136502e-16, 4.497768455136502e-16, 0.0056047058966917085, 1.99999999999999, 1.9999999999999944, 1.9999999999999984, 2.0000000000000013, 2.0000000000000027]
FE' Fock eigenvalues:
[-1.8520977262633729, -0.8699087648455895, -0.5698183467261129, -0.5698183467261109, -0.5023034800601148, 0.3256791360568613, 0.32567913605686527, 1.051325807129654]
index    eig(P_L_valence)         eig(F_L_valence)
0        -4.4977684551365017e-16    -1.8520977262633729
1         4.4977684551365017e-16    -0.86990876484558954
2         0.0056047058966917085    -0.56981834672611287
3         1.99999999999999    -0.56981834672611087
4         1.9999999999999944    -0.50230348006011483
5         1.9999999999999984     0.32567913605686127
6         2.0000000000000013     0.32567913605686527
7         2.0000000000000027     1.0513258071296541

CO geom_008
FE  density eigenvalues:
[-9.079371653503584e-16, 1.975874565023319e-17, 0.005664474292017108, 1.9999999999999902, 1.9999999999999998, 2.000000000000001, 2.000000000000003, 2.000000000000006]
FE' Fock eigenvalues:
[-1.8461953231147057, -0.8696616787345678, -0.5662077894856951, -0.5662077894856947, -0.5015238146120097, 0.3233021573547944, 0.32330215735479617, 1.040967862979736]
index    eig(P_L_valence)         eig(F_L_valence)
0        -9.0793716535035841e-16    -1.8461953231147057
1         1.975874565023319e-17    -0.86966167873456779
2         0.0056644742920171076    -0.56620778948569506
3         1.9999999999999902    -0.56620778948569472
4         1.9999999999999998    -0.50152381461200968
5         2.0000000000000009     0.32330215735479439
6         2.0000000000000031     0.32330215735479617
7         2.0000000000000062     1.0409678629797361

CO geom_009
FE  density eigenvalues:
[-2.797145334264372e-17, 2.797145334264372e-17, 0.00572177422981035, 1.999999999999991, 1.9999999999999942, 1.9999999999999964, 1.9999999999999996, 1.9999999999999996]
FE' Fock eigenvalues:
[-1.8403533716559997, -0.8694334144943655, -0.5626224720842787, -0.5626224720842767, -0.5007331384184769, 0.32094655899191854, 0.32094655899191965, 1.0307005629714774]
index    eig(P_L_valence)         eig(F_L_valence)
0        -2.7971453342643721e-17    -1.8403533716559997
1         2.7971453342643721e-17    -0.86943341449436551
2         0.0057217742298103502    -0.56262247208427874
3         1.9999999999999909    -0.56262247208427674
4         1.9999999999999942    -0.50073313841847689
5         1.9999999999999964     0.32094655899191854
6         1.9999999999999996     0.32094655899191965
7         1.9999999999999996     1.0307005629714774

CO geom_010
FE  density eigenvalues:
[-1.4987248933898924e-16, 1.4987248933898924e-16, 0.005776599837575613, 1.9999999999999907, 1.9999999999999927, 1.9999999999999993, 2.000000000000001, 2.000000000000001]
FE' Fock eigenvalues:
[-1.834571483189966, -0.869223726706803, -0.5590622715396297, -0.5590622715396287, -0.4999311901149626, 0.31861216097307987, 0.3186121609730803, 1.0205251372281203]
index    eig(P_L_valence)         eig(F_L_valence)
0        -1.4987248933898924e-16    -1.834571483189966
1         1.4987248933898924e-16    -0.86922372670680303
2         0.0057765998375756133    -0.55906227153962973
3         1.9999999999999907    -0.55906227153962873
4         1.9999999999999927    -0.49993119011496262
5         1.9999999999999993     0.31861216097307987
6         2.0000000000000009     0.31861216097308032
7         2.0000000000000009     1.0205251372281203

CO geom_011
FE  density eigenvalues:
[-2.372521669845905e-16, 1.5207562059559185e-17, 0.005828948639312603, 1.9999999999999911, 1.999999999999998, 1.9999999999999987, 2.0, 2.000000000000001]
FE' Fock eigenvalues:
[-1.8288492603034479, -0.8690323670554739, -0.5555270671697461, -0.5555270671697461, -0.4991177229954351, 0.31629878522500726, 0.31629878522500754, 1.010442690029077]
index    eig(P_L_valence)         eig(F_L_valence)
0        -2.3725216698459049e-16    -1.8288492603034479
1         1.5207562059559185e-17    -0.86903236705547393
2         0.0058289486393126033    -0.55552706716974609
3         1.9999999999999911    -0.55552706716974609
4         1.999999999999998    -0.49911772299543511
5         1.9999999999999987     0.31629878522500726
6         2     0.31629878522500754
7         2.0000000000000009     1.0104426900290771

CO geom_012
FE  density eigenvalues:
[-2.854239668519544e-16, 5.074685717769857e-16, 0.005878821408611179, 1.9999999999999916, 1.9999999999999958, 1.9999999999999982, 2.000000000000001, 2.000000000000001]
FE' Fock eigenvalues:
[-1.823186297336387, -0.8688590842971465, -0.5520167404666267, -0.5520167404666257, -0.49829250499659955, 0.31400625563657814, 0.3140062556365786, 1.0004542053614047]
index    eig(P_L_valence)         eig(F_L_valence)
0        -2.854239668519544e-16    -1.823186297336387
1         5.0746857177698571e-16    -0.86885908429714653
2         0.005878821408611179    -0.55201674046662674
3         1.9999999999999916    -0.55201674046662574
4         1.9999999999999958    -0.49829250499659955
5         1.9999999999999982     0.31400625563657814
6         2.0000000000000009     0.31400625563657858
7         2.0000000000000009     1.0004542053614047

CO geom_013
FE  density eigenvalues:
[-4.7870599531733866e-17, 4.919598093817965e-16, 0.005926222023094896, 1.9999999999999931, 1.9999999999999971, 2.000000000000001, 2.0000000000000018, 2.000000000000005]
FE' Fock eigenvalues:
[-1.8175821808329986, -0.8687036242537843, -0.5485311749800083, -0.5485311749800078, -0.49745531864605297, 0.3117343980939251, 0.311734398093927, 0.9905605523141268]
index    eig(P_L_valence)         eig(F_L_valence)
0        -4.7870599531733866e-17    -1.8175821808329986
1         4.9195980938179648e-16    -0.86870362425378433
2         0.0059262220230948959    -0.54853117498000825
3         1.9999999999999931    -0.54853117498000781
4         1.9999999999999971    -0.49745531864605297
5         2.0000000000000009     0.31173439809392511
6         2.0000000000000018     0.311734398093927
7         2.0000000000000049     0.99056055231412676

CO geom_014
FE  density eigenvalues:
[-1.979291834325409e-19, 4.442871390334952e-16, 0.005971157320479259, 1.999999999999996, 1.9999999999999982, 2.0, 2.0000000000000013, 2.0000000000000053]
FE' Fock eigenvalues:
[-1.8120364899778834, -0.8685657298254227, -0.5450702562121655, -0.5450702562121645, -0.4966059609759399, 0.30948304051123326, 0.30948304051123426, 0.9807624903161123]
index    eig(P_L_valence)         eig(F_L_valence)
0        -1.979291834325409e-19    -1.8120364899778834
1         4.442871390334952e-16    -0.86856572982542268
2         0.005971157320479259    -0.54507025621216554
3         1.999999999999996    -0.54507025621216454
4         1.9999999999999982    -0.4966059609759399
5         2     0.30948304051123326
6         2.0000000000000013     0.30948304051123426
7         2.0000000000000053     0.98076249031611229

CO geom_015
FE  density eigenvalues:
[-4.578426845904923e-16, 4.578426845904923e-16, 0.006013636956487822, 1.999999999999995, 1.999999999999996, 2.0000000000000013, 2.0000000000000044, 2.0000000000000067]
FE' Fock eigenvalues:
[-1.8065487970162604, -0.8684451410225162, -0.5416338715221065, -0.5416338715221043, -0.49574424340402196, 0.3072520128571344, 0.3072520128571349, 0.9710606742156879]
index    eig(P_L_valence)         eig(F_L_valence)
0        -4.5784268459049232e-16    -1.8065487970162604
1         4.5784268459049232e-16    -0.86844514102251624
2         0.0060136369564878223    -0.54163387152210651
3         1.9999999999999949    -0.54163387152210429
4         1.999999999999996    -0.49574424340402196
5         2.0000000000000013     0.30725201285713438
6         2.0000000000000044     0.30725201285713488
7         2.0000000000000067     0.97106067421568787

CO geom_016
FE  density eigenvalues:
[-2.8058052088184754e-17, 4.721472619382473e-16, 0.006053673264853732, 1.999999999999995, 1.999999999999998, 1.9999999999999996, 2.0000000000000013, 2.0000000000000036]
FE' Fock eigenvalues:
[-1.8011186676594533, -0.8683415950171138, -0.5382219100390907, -0.5382219100390879, -0.49486999158389905, 0.30504114717793207, 0.3050411471779338, 0.9614556592061582]
index    eig(P_L_valence)         eig(F_L_valence)
0        -2.8058052088184754e-17    -1.8011186676594533
1         4.7214726193824731e-16    -0.86834159501711383
2         0.0060536732648537317    -0.5382219100390907
3         1.9999999999999949    -0.53822191003908793
4         1.999999999999998    -0.49486999158389905
5         1.9999999999999996     0.30504114717793207
6         2.0000000000000013     0.30504114717793379
7         2.0000000000000036     0.96145565920615816

CO geom_017
FE  density eigenvalues:
[-1.7292207664634688e-17, 1.7292207664634688e-17, 0.006091281119598542, 1.9999999999999967, 1.9999999999999984, 1.9999999999999993, 2.0000000000000004, 2.000000000000002]
FE' Fock eigenvalues:
[-1.7957456614751734, -0.8682548262115223, -0.5348342625841849, -0.5348342625841838, -0.49398304522634773, 0.3028502776174695, 0.30285027761747013, 0.9519479055975218]
index    eig(P_L_valence)         eig(F_L_valence)
0        -1.7292207664634688e-17    -1.7957456614751734
1         1.7292207664634688e-17    -0.86825482621152228
2         0.0060912811195985416    -0.53483426258418487
3         1.9999999999999967    -0.53483426258418376
4         1.9999999999999984    -0.49398304522634773
5         1.9999999999999993     0.30285027761746952
6         2.0000000000000004     0.30285027761747013
7         2.0000000000000022     0.95194790559752185

CO geom_018
FE  density eigenvalues:
[-1.2938503506741559e-17, 4.570277133568042e-16, 0.006126477799770491, 1.9999999999999962, 1.999999999999998, 1.9999999999999996, 2.0000000000000013, 2.0000000000000027]
FE' Fock eigenvalues:
[-1.7904293322658957, -0.8681845663248055, -0.5314708216017793, -0.5314708216017784, -0.49308325789333934, 0.30067924043488903, 0.30067924043489047, 0.942537783436071]
index    eig(P_L_valence)         eig(F_L_valence)
0        -1.2938503506741559e-17    -1.7904293322658957
1         4.5702771335680418e-16    -0.86818456632480545
2         0.0061264777997704911    -0.53147082160177928
3         1.9999999999999962    -0.53147082160177839
4         1.999999999999998    -0.49308325789333934
5         1.9999999999999996     0.30067924043488903
6         2.0000000000000013     0.30067924043489047
7         2.0000000000000027     0.94253778343607098

CO geom_019
FE  density eigenvalues:
[2.1886810278126736e-16, 2.2522110706879526e-16, 0.006159282856794235, 1.9999999999999944, 1.999999999999995, 1.9999999999999964, 1.9999999999999967, 1.9999999999999993]
FE' Fock eigenvalues:
[-1.7851692284293819, -0.8681305444932546, -0.5281314810955267, -0.5281314810955251, -0.49217049676712965, 0.29852787401949615, 0.29852787401949676, 0.9332255769754153]
index    eig(P_L_valence)         eig(F_L_valence)
0         2.1886810278126736e-16    -1.7851692284293819
1         2.2522110706879526e-16    -0.86813054449325455
2         0.0061592828567942348    -0.52813148109552666
3         1.9999999999999944    -0.5281314810955251
4         1.9999999999999949    -0.49217049676712965
5         1.9999999999999964     0.29852787401949615
6         1.9999999999999967     0.29852787401949676
7         1.9999999999999993     0.93322557697541531

CO geom_020
FE  density eigenvalues:
[-5.581809417214256e-17, 5.581809417214256e-17, 0.006189717984573795, 1.9999999999999925, 1.999999999999999, 1.9999999999999991, 2.000000000000002, 2.000000000000004]
FE' Fock eigenvalues:
[-1.7799648933108503, -0.8680924873878576, -0.5248161365754488, -0.5248161365754469, -0.4912446423958306, 0.29639601890460315, 0.2963960189046034, 0.9240114890002437]
index    eig(P_L_valence)         eig(F_L_valence)
0        -5.5818094172142555e-17    -1.7799648933108503
1         5.5818094172142555e-17    -0.8680924873878576
2         0.0061897179845737949    -0.52481613657544879
3         1.9999999999999925    -0.5248161365754469
4         1.9999999999999989    -0.4912446423958306
5         1.9999999999999991     0.29639601890460315
6         2.0000000000000022     0.29639601890460338
7         2.000000000000004     0.92401148900024366

CO geom_021
FE  density eigenvalues:
[-1.5144798107602992e-17, 4.592340079576656e-16, 0.006217806892457212, 1.9999999999999938, 1.9999999999999978, 1.9999999999999987, 2.0000000000000018, 2.0000000000000058]
FE' Fock eigenvalues:
[-1.7748158655379402, -0.8680701193437096, -0.521524685008797, -0.5215246850087969, -0.49030558841773597, 0.2942835177794597, 0.29428351777945977, 0.9148956450070366]
index    eig(P_L_valence)         eig(F_L_valence)
0        -1.5144798107602992e-17    -1.7748158655379402
1         4.5923400795766558e-16    -0.86807011934370959
2         0.0062178068924572116    -0.52152468500879701
3         1.9999999999999938    -0.5215246850087969
4         1.9999999999999978    -0.49030558841773597
5         1.9999999999999987     0.29428351777945971
6         2.0000000000000018     0.29428351777945977
7         2.0000000000000058     0.91489564500703657

CO geom_022
FE  density eigenvalues:
[-4.2831267451307934e-17, 4.2831267451307934e-17, 0.006243575181166916, 1.9999999999999962, 2.0, 2.0000000000000027, 2.0000000000000036, 2.0000000000000058]
FE' Fock eigenvalues:
[-1.7697216793454627, -0.8680631625030084, -0.5182570247793711, -0.5182570247793693, -0.48935324126594926, 0.2921902155005399, 0.29219021550054214, 0.905878097243897]
index    eig(P_L_valence)         eig(F_L_valence)
0        -4.2831267451307934e-17    -1.7697216793454627
1         4.2831267451307934e-17    -0.86806316250300841
2         0.006243575181166916    -0.51825702477937108
3         1.9999999999999962    -0.5182570247793693
4         2    -0.48935324126594926
5         2.0000000000000027     0.29219021550053992
6         2.0000000000000036     0.29219021550054214
7         2.0000000000000058     0.90587809724389701

CO geom_023
FE  density eigenvalues:
[-4.449091839953961e-16, 8.199741453334851e-19, 0.006267050221792747, 1.9999999999999951, 1.999999999999997, 1.9999999999999982, 1.9999999999999987, 2.0000000000000013]
FE' Fock eigenvalues:
[-1.7646818648859361, -0.8680713369688654, -0.5150130556518258, -0.5150130556518246, -0.488387519855463, 0.29011595910191945, 0.2901159591019208, 0.8969588286133744]
index    eig(P_L_valence)         eig(F_L_valence)
0        -4.449091839953961e-16    -1.7646818648859361
1         8.1997414533348512e-19    -0.8680713369688654
2         0.0062670502217927471    -0.51501305565182576
3         1.9999999999999951    -0.51501305565182465
4         1.9999999999999969    -0.48838751985546303
5         1.9999999999999982     0.29011595910191945
6         1.9999999999999987     0.29011595910192078
7         2.0000000000000013     0.89695882861337439

CO geom_024
FE  density eigenvalues:
[-4.502633312834526e-16, 6.174121433389909e-18, 0.006288261037891152, 1.9999999999999942, 1.9999999999999978, 1.9999999999999991, 2.0000000000000013, 2.0000000000000044]
FE' Fock eigenvalues:
[-1.759695948528626, -0.8680943609698012, -0.5117926787423339, -0.5117926787423324, -0.48740835525442044, 0.28806059780550647, 0.28806059780550863, 0.8881377564414494]
index    eig(P_L_valence)         eig(F_L_valence)
0        -4.5026333128345257e-16    -1.7596959485286261
1         6.1741214333899091e-18    -0.86809436096980119
2         0.0062882610378911519    -0.51179267874233392
3         1.9999999999999942    -0.51179267874233236
4         1.9999999999999978    -0.48740835525442044
5         1.9999999999999991     0.28806059780550647
6         2.0000000000000013     0.28806059780550863
7         2.0000000000000044     0.88813775644144943

CO geom_025
FE  density eigenvalues:
[-4.496042431747836e-16, 5.515033324721059e-18, 0.006307238190766951, 1.9999999999999918, 1.9999999999999967, 2.0000000000000004, 2.000000000000002, 2.0000000000000044]
FE' Fock eigenvalues:
[-1.7547634531464062, -0.8681319510334096, -0.5085957964948963, -0.5085957964948938, -0.4864156903413932, 0.2860239830313243, 0.28602398303132454, 0.8794147361163563]
index    eig(P_L_valence)         eig(F_L_valence)
0        -4.4960424317478361e-16    -1.7547634531464062
1         5.5150333247210589e-18    -0.86813195103340957
2         0.0063072381907669506    -0.50859579649489628
3         1.9999999999999918    -0.50859579649489384
4         1.9999999999999967    -0.4864156903413932
5         2.0000000000000004     0.28602398303132431
6         2.0000000000000022     0.28602398303132454
7         2.0000000000000044     0.87941473611635634

CO geom_026
FE  density eigenvalues:
[-1.7535905910244373e-17, 4.61625115760307e-16, 0.006324013667967643, 1.9999999999999967, 1.999999999999997, 1.999999999999999, 1.9999999999999996, 2.0000000000000036]
FE' Fock eigenvalues:
[-1.7498838983904004, -0.8681838221679323, -0.5054223126626671, -0.5054223126626669, -0.4854094794505259, 0.2840059684079909, 0.28400596840799147, 0.8707895646007418]
index    eig(P_L_valence)         eig(F_L_valence)
0        -1.7535905910244373e-17    -1.7498838983904004
1         4.6162511576030696e-16    -0.86818382216793233
2         0.0063240136679676429    -0.50542231266266713
3         1.9999999999999967    -0.50542231266266691
4         1.9999999999999969    -0.48540947945052593
5         1.9999999999999989     0.28400596840799092
6         1.9999999999999996     0.28400596840799147
7         2.0000000000000036     0.87078956460074175

CO geom_027
FE  density eigenvalues:
[-4.947725101445589e-16, 5.0683300294496273e-17, 0.006338620775023118, 1.999999999999996, 1.9999999999999973, 1.999999999999999, 2.000000000000001, 2.0000000000000013]
FE' Fock eigenvalues:
[-1.7450568009530412, -0.8682496880509202, -0.5022721322944657, -0.502272132294465, -0.4843896880062149, 0.28200640978399805, 0.28200640978399855, 0.8622619838209697]
index    eig(P_L_valence)         eig(F_L_valence)
0        -4.9477251014455885e-16    -1.7450568009530412
1         5.0683300294496273e-17    -0.86824968805092018
2         0.0063386207750231183    -0.50227213229446566
3         1.999999999999996    -0.50227213229446499
4         1.9999999999999973    -0.4843896880062149
5         1.9999999999999989     0.28200640978399805
6         2.0000000000000009     0.28200640978399855
7         2.0000000000000013     0.86226198382096975

CO geom_028
FE  density eigenvalues:
[-5.385010863928929e-16, 9.441187654283026e-17, 0.006351094030444759, 1.9999999999999973, 1.999999999999999, 1.9999999999999991, 1.9999999999999996, 2.0000000000000027]
FE' Fock eigenvalues:
[-1.7402816748195362, -0.868329261223679, -0.4991451617261717, -0.49914516172617096, -0.4833562921491461, 0.28002516523983556, 0.2800251652398368, 0.8538316839370319]
index    eig(P_L_valence)         eig(F_L_valence)
0        -5.3850108639289286e-16    -1.7402816748195362
1         9.4411876542830256e-17    -0.86832926122367904
2         0.0063510940304447594    -0.49914516172617168
3         1.9999999999999973    -0.49914516172617096
4         1.9999999999999989    -0.48335629214914611
5         1.9999999999999991     0.28002516523983556
6         1.9999999999999996     0.28002516523983678
7         2.0000000000000027     0.8538316839370319

CO geom_029
FE  density eigenvalues:
[-1.2237125330601407e-17, 1.2237125330601407e-17, 0.006361469064001403, 1.9999999999999944, 1.9999999999999962, 1.9999999999999991, 2.000000000000001, 2.000000000000003]
FE' Fock eigenvalues:
[-1.7355580315075758, -0.8684222532902225, -0.4960413085765144, -0.4960413085765136, -0.48230927835507964, 0.27806209510163116, 0.2780620951016322, 0.8454983064981897]
index    eig(P_L_valence)         eig(F_L_valence)
0        -1.2237125330601407e-17    -1.7355580315075758
1         1.2237125330601407e-17    -0.86842225329022249
2         0.0063614690640014029    -0.49604130857651441
3         1.9999999999999944    -0.49604130857651357
4         1.9999999999999962    -0.48230927835507964
5         1.9999999999999991     0.27806209510163116
6         2.0000000000000009     0.27806209510163221
7         2.0000000000000031     0.84549830649818969

CO geom_030
FE  density eigenvalues:
[-2.6514727777035627e-16, 4.871918826953875e-16, 0.006369782518254485, 1.9999999999999956, 1.9999999999999976, 1.999999999999999, 2.000000000000003, 2.000000000000004]
FE' Fock eigenvalues:
[-1.7308853802959714, -0.8685283751205235, -0.4929604817474767, -0.4929604817474759, -0.48124864304869963, 0.2761170619555441, 0.2761170619555442, 0.837261447484297]
index    eig(P_L_valence)         eig(F_L_valence)
0        -2.6514727777035627e-16    -1.7308853802959714
1         4.8719188269538752e-16    -0.8685283751205235
2         0.0063697825182544854    -0.4929604817474767
3         1.9999999999999956    -0.49296048174747592
4         1.9999999999999976    -0.48124864304869963
5         1.9999999999999989     0.27611706195554409
6         2.0000000000000031     0.2761170619555442
7         2.000000000000004     0.83726144748429698

{"molecule": "CO", "retained": 30, "train": 15, "validation": 0, "test": 15, "geometry_ids": ["001", "002", "003", "004", "005", "006", "007", "008", "009", "010", "011", "012", "013", "014", "015", "016", "017", "018", "019", "020", "021", "022", "023", "024", "025", "026", "027", "028", "029", "030"], "train_geometry_ids": ["001", "003", "005", "007", "009", "011", "013", "015", "017", "019", "021", "023", "025", "027", "029"], "validation_geometry_ids": [], "test_geometry_ids": ["002", "004", "006", "008", "010", "012", "014", "016", "018", "020", "022", "024", "026", "028", "030"], "target_min_Ha": -0.15983187909537833, "target_max_Ha": -0.12587041551469724, "FG_dimension": 2, "FG_feature_names": ["r_1_2", "1/r_1_2"], "FE_dimension": 8, "FE_prime_dimension": 8, "methods": ["FE"], "MB1_input_dimension": 16, "MB1_qubits": 8, "MB1_parameters": 17}
